GID_0_AGO 1288954 -477228 2690582 -2032475
GID_0_ARG -8198725 -2475296 -5955816 -7363817
GID_0_BDI 3218304 -247198 3444231 -488104
GID_0_BEN 76200 1403357 438769 705441
GID_0_BFA -624363 1708720 277768 1061254
GID_0_BGD 9787291 3087828 10326385 2371036
GID_0_BOL -7762873 -1071711 -6385798 -2610724
GID_0_BRN 12694677 572448 12853593 458117
GID_0_BTN 9869164 3290236 10265281 3096122
GID_0_BWA 2216338 -2001909 3279265 -3101905
GID_0_CAF 1594976 1242965 3067214 257249
GID_0_CIV -967270 1212254 -267730 496024
GID_0_CMR 936155 1478575 1812379 193955
GID_0_COD 1348268 610463 3494937 -1501474
GID_0_COG 1236874 422513 2086108 -550732
GID_0_COL -9120557 1804589 -7430343 -461134
GID_0_DJI 4637392 1436252 4843230 1231757
GID_0_DOM -8025436 2275020 -7595641 1985621
GID_0_DZA -975571 4461477 1344428 2160254
GID_0_ECU -10252344 197248 -8359795 -549071
GID_0_EGY 2739380 3729798 4045192 2488587
GID_0_ERI 4046345 2048334 4812060 1396362
GID_0_ETH 3663714 1681398 5348686 388577
GID_0_FSM 15288112 1139135 18159035 124139
GID_0_GAB 958371 267847 1624394 -434602
GID_0_GHA -373131 1261940 143607 538120
GID_0_GIN -1688280 1434511 -840600 812895
GID_0_GMB -1882100 1564364 -1525199 1477120
GID_0_GNB -1870693 1433817 -1508011 1226722
GID_0_GNQ 615219 432069 1272078 -153395
GID_0_GTM -10276146 2026084 -9811237 1554207
GID_0_GUY -6843560 963186 -6277353 141006
GID_0_HND -9956485 1979593 -9163360 1467966
GID_0_HTI -8301214 2293745 -7962496 2050101
GID_0_IDN 10566432 687754 15708207 -1222970
GID_0_IND 7580459 3939295 10827155 763628
GID_0_IRQ 4308844 4501933 5416627 3393102
GID_0_JOR 3881466 3954275 4385088 3409010
GID_0_KEN 3764798 574141 4677205 -516070
GID_0_KHM 11381750 1663530 11991058 1119126
GID_0_KOR 13861490 4676213 14689865 3920227
GID_0_LAO 11131608 2581711 11991871 1573856
GID_0_LBR -1288582 965535 -809881 495031
GID_0_LKA 8842327 1110353 9124701 670016
GID_0_MAR -1475846 4299982 -100905 3217441
GID_0_MDG 4797688 -1329876 5630134 -2940395
GID_0_MEX -13186497 3868016 -9642596 1645677
GID_0_MLI -1372429 2885745 482548 1146925
GID_0_MMR 10250596 3327641 11272948 996240
GID_0_MNG 9758247 6838073 13359912 5106440
GID_0_MOZ 3354012 -1162198 4556211 -3097076
GID_0_MRT -1909836 3170761 -527668 1666440
GID_0_MWI 3629016 -1037044 4008045 -1925638
GID_0_MYS 11081954 833881 13287045 105039
GID_0_NAM 1296319 -1906157 2822788 -3361758
GID_0_NER 8507 2705637 1790627 1321241
GID_0_NGA 287048 1571830 1643771 485822
GID_0_NIC -9771714 1702186 -9118183 1208939
GID_0_NPL 8902254 3571141 9828825 3052186
GID_0_PAK 6769294 4433758 8399816 2727249
GID_0_PAN -9255294 1089050 -8575992 813883
GID_0_PER -9063692 5663 -7632329 -2068768
GID_0_PHL 13006403 2410244 14103643 521162
GID_0_PNG 15668293 -74141 17491366 -1296513
GID_0_PRY -6983322 -2179719 -6030043 -3189372
GID_0_RWA 3202871 -106608 3449669 -306274
GID_0_SDN 2421101 2659581 4334685 979871
GID_0_SEN -1962899 1895010 -1252638 1390765
GID_0_SLB 17288214 -485337 18955743 -1370819
GID_0_SLE -1490940 1128939 -1132778 781943
GID_0_SLV -10042654 1635958 -9750910 1487176
GID_0_SOM 4551706 1354491 5733569 -173378
GID_0_SSD 2678581 1380642 4003024 397742
GID_0_STP 709109 199441 840737 8439
GID_0_SUR -6476167 680836 -5998747 213877
GID_0_SWZ 3417616 -2954290 3587441 -3153198
GID_0_TCD 1489860 2696575 2681967 840674
GID_0_TGO -26031 1257765 211213 691626
GID_0_THA 10826417 2337986 11769694 636178
GID_0_TJK 7491501 5028575 8374237 4403497
GID_0_TLS 13798588 -897736 14185702 -1052939
GID_0_TUN 828244 4527434 1301112 3544026
GID_0_TZA 3254685 -99743 4512332 -1306780
GID_0_UGA 3281884 481808 3906213 -155009
GID_0_URY -6515575 -3504531 -5900424 -4150352
GID_0_VNM 11360683 2689578 12196052 946354
GID_0_VUT 18529304 -1458014 18961061 -2293055
GID_0_ZAF 1821416 -2516543 3671437 -4131500
GID_0_ZMB 2436807 -914048 3762851 -2036818
GID_0_ZWE 2799452 -1749287 3689668 -2551975
